1
2
3
0
-1
9
11
10
8
7
12
5
6
14
13
4
-2
18
17
16
19
20
15
21
-3
23
22
-4
24
26
25
27
28
29
30
31
32
-1000
34
0.0
33
1.5
1.9
35
36
37
39
1.8
38
40
41
42
0.1
46
44
43
45
47
48
49
0.7
50
1.7
55
51
999
52
59
53
58
54
56
57
-0
1.6
60
-5
0.2
-6
-7
2.0
0.8
-8
100
-9
-10
0.6
-0.0
493
492
495
491
494
490
496
498
497
0.3
489
488
499
500
501
-11
502
503
487
486
-13
-12
61
505
506
504
485
507
63
509
0.4
64
484
62
508
510
4.3
65
511
0.5
0.9
514
483
512
517
513
-14
482
516
4.2
515
66
67
518
68
520
69
519
521
481
480
4.4
522
-15
523
73
524
525
479
-0.1
-16
70
526
-17
529
528
527
71
1.0
72
478
75
530
531
-18
74
477
535
532
4.1
-19
536
476
533
537
534
-21
538
-20
540
77
91
-22
76
78
475
-23
542
539
-59
2.1
474
473
79
543
80
83
-24
1.1
541
545
544
-25
-26
88
90
81
84
4.5
92
472
471
85
-58
82
86
89
93
-27
-28
94
548
-30
546
1.4
-29
549
470
550
87
547
-32
-33
-38
-31
551
1.2
552
469
4.0
-36
-34
-35
553
554
468
96
-57
466
555
467
99
-40
-37
95
-45
-41
-43
-47
-0.2
-53
-49
556
97
-39
-56
-50
-55
1.3
464
557
558
-44
-48
-54
559
-42
-51
-52
98
-46
102
561
560
463
465
563
4.6
562
2.2
566
564
462
565
101
-60
567
461
106
107
460
568
104
569
179
459
571
105
458
103
108
110
457
-0.3
115
570
573
572
456
114
574
3.9
116
575
455
109
111
576
112
453
454
579
578
577
580
451
452
113
581
582
120
4.7
2.3
124
119
121
117
123
583
450
-0.4
449
584
585
448
128
127
178
447
180
125
586
122
588
589
591
118
126
446
593
442
587
444
594
590
129
445
443
134
136
138
131
440
-0.5
438
441
439
137
595
592
596
130
139
177
600
133
132
599
142
437
436
435
4.8
431
601
135
598
3.8
-179
140
597
602
608
434
2.4
433
145
607
148
-0.6
428
430
149
429
173
143
141
605
606
432
146
604
612
147
603
3.0
151
155
609
144
157
152
176
174
2.9
4.9
419
426
175
427
421
425
615
160
424
156
158
610
420
418
611
616
150
422
2.5
172
153
2.7
423
2.6
165
2.8
154
619
415
416
159
417
617
-0.7
163
620
161
169
613
162
412
414
614
413
168
170
626
621
628
402
5.0
403
622
625
407
171
623
405
3.1
624
166
3.7
401
410
618
181
-0.8
409
164
399
404
5.2
-180
398
5.1
627
5.4
411
3.2
5.5
400
5.3
167
406
408
633
632
392
629
3.3
394
630
3.6
386
631
-0.9
635
396
634
384
382
393
3.5
389
395
5.7
397
640
636
3.4
385
186
5.6
637
639
391
638
383
387
388
-1.0
641
187
379
371
183
381
374
378
380
375
377
390
646
651
190
366
643
5.8
654
370
372
657
-178
650
193
373
184
188
642
645
653
652
649
376
367
647
364
656
655
-1.1
182
644
648
365
368
-3.3
357
207
5.9
362
185
194
673
6.3
189
355
191
196
6.6
354
348
192
369
347
660
664
6.2
212
-1.2
351
331
663
6.5
659
195
287
668
200
210
-3.2
662
359
360
353
352
658
675
665
342
-1.3
206
341
346
6.1
350
203
358
6.4
682
222
6.0
7.1
349
6.8
339
-3.4
338
281
666
670
363
361
6.7
-3.5
7.0
205
208
335
671
215
334
344
343
313
198
687
319
325
318
669
326
201
209
693
6.9
197
681
-3.1
237
677
661
356
330
306
7.3
218
216
312
688
263
289
236
345
667
323
676
292
337
678
336
224
-3.0
332
244
8.1
211
301
279
329
-3.7
690
7.7
202
302
227
328
340
-3.6
269
297
-1.4
684
307
-2.9
679
278
705
706
219
324
695
238
305
245
280
694
7.6
243
232
674
260
294
9.5
226
7.2
309
699
255
300
276
322
8.8
7.5
199
672
686
321
264
252
8.3
267
308
256
204
8.2
248
229
8.4
7.4
7.8
8.0
268
233
7.9
315
9.4
333
299
9.1
700
-1.5
221
8.6
-3.8
8.7
235
697
284
262
303
692
-89
250
-2.8
295
689
680
225
214
277
10.1
288
230
9.6
272
310
9.8
220
270
327
273
702
320
683
698
249
9.0
254
304
271
8.5
241
723
317
10.0
291
266
708
685
713
-4.0
-90
9.2
9.7
290
704
-3.9
311
261
691
228
316
258
253
282
223
711
9.3
285
234
720
-4.1
714
314
213
231
283
709
274
265
728
257
298
10.4
9.9
-4.2
8.9
10.2
239
240
725
286
293
10.5
10.3
10.6
217
730
696
729
727
296
-5.7
721
707
246
719
275
726
251
-4.4
-5.1
-2.7
710
11.0
-7.0
-1.6
-6.5
-6.2
-5.6
-6.7
-1.7
-6.1
10.9
717
-4.5
724
-6.4
-5.8
716
-6.0
-7.5
715
259
11.4
703
732
-6.6
-5.2
-7.8
11.1
11.5
10.7
247
718
-7.2
-1.8
743
-6.9
731
-4.6
756
-5.0
242
712
11.6
-7.6
-6.8
-7.1
701
10.8
-7.4
11.3
751
742
-8.6
-2.6
750
-5.3
-4.9
737
-7.3
735
-8.0
-5.9
12.3
-4.3
11.8
-7.9
-8.5
738
736
-4.8
12.6
749
-8.1
-7.7
-8.7
-5.4
-6.3
-4.7
-2.5
11.7
-8.9
11.2
-2.3
-8.4
754
-2.1
761
-5.5
744
12.5
734
741
-88
-1.9
12.2
739
778
-9.0
12.4
722
752
12.1
746
-2.4
780
11.9
-8.2
-8.8
758
768
-2.2
-9.6
773
-2.0
745
-9.2
805
748
767
-9.3
-8.3
-91
-9.4
747
-9.1
775
13.4
-9.5
784
12.8
-177
12.0
772
13.3
763
12.9
764
804
776
13.1
824
802
793
740
790
762
800
938
786
755
733
13.0
13.2
-9.7
783
13.8
861
759
789
803
757
774
815
14.0
924
835
888
13.7
13.5
765
859
771
850
812
823
14.1
785
832
818
12.7
911
830
937
828
904
964
820
14.2
779
753
770
788
781
957
854
882
769
795
852
877
766
816
14.3
13.9
792
-9.9
14.4
851
866
886
825
977
-10.1
939
14.5
829
979
-9.8
13.6
813
900
15.5
782
799
-10.0
826
856
777
893
760
810
14.7
-10.4
822
14.6
801
819
932
797
791
-10.2
887
934
875
955
840
970
807
837
834
836
839
868
905
14.9
936
821
870
857
15.1
833
962
831
965
966
956
902
806
814
918
845
929
-10.3
897
958
969
808
980
827
876
848
15.3
941
889
809
817
923
879
903
798
931
921
842
873
899
913
787
891
976
811
874
974
860
862
971
14.8
916
863
849
915
933
794
917
959
855
843
881
15.8
951
968
15.7
864
972
927
838
16.3
890
846
954
871
796
925
898
15.2
985
947
940
15.6
896
963
895
912
883
948
901
15.9
984
981
880
914
15.0
15.4
960
982
935
878
943
944
942
-10.5
865
967
853
922
945
978
975
986
894
885
952
908
16.6
930
847
16.1
909
961
844
926
950
-10.6
928
16.2
869
16.8
17.2
946
973
16.5
867
-10.7
949
884
872
906
907
953
910
16.7
16.4
-10.8
988
16.9
858
919
983
-87
17.5
892
920
987
16.0
-92
17.4
989
17.0
17.6
991
-11.0
-10.9
841
17.1
18.5
990
-11.1
17.9
996
18.1
17.7
18.3
18.0
17.8
-11.5
17.3
993
997
-11.2
-11.3
18.6
18.2
992
19.7
-11.4
19.8
-176
19.0
18.7
18.9
18.8
20.2
19.2
18.4
19.1
19.4
19.3
20.0
19.5
19.6
-11.8
20.3
995
20.1
-11.6
994
19.9
20.8
-11.7
21.3
-11.9
20.5
998
20.7
20.4
-12.1
-12.3
21.0
21.4
-61
21.2
21.1
21.5
20.6
20.9
-12.0
21.8
-12.2
21.6
22.2
-12.4
23.4
-12.5
23.0
22.4
22.8
-93
21.7
23.6
23.2
-86
22.3
-12.7
22.0
24.2
22.9
23.9
23.3
22.7
22.5
24.3
-12.6
24.4
24.7
23.1
22.1
22.6
23.7
-175
21.9
24.6
24.0
24.9
-13.1
24.1
25.9
-12.8
25.2
25.0
24.5
25.1
23.5
24.8
23.8
25.6
-13.3
25.3
-13.0
-13.5
26.1
-13.2
26.2
27.2
25.7
25.8
26.6
27.6
26.9
25.4
27.1
-12.9
27.5
-13.9
27.0
-13.8
-13.4
-13.7
28.3
27.8
26.3
27.3
28.1
29.6
29.5
26.8
-13.6
26.0
29.2
28.7
26.7
28.5
26.5
30.4
29.9
28.8
26.4
-14.0
30.0
29.1
-14.1
30.2
25.5
29.4
27.9
-85
30.5
30.8
30.7
30.9
29.3
-14.2
28.9
29.7
30.3
-174
28.4
27.7
27.4
29.0
28.6
28.0
29.8
30.1
30.6
31.1
28.2
-94
31.5
33.1
31.3
-14.4
31.2
32.1
31.0
-14.3
32.4
31.6
-14.5
-14.6
31.4
32.7
31.7
33.6
32.5
32.6
31.8
-62
-14.9
32.8
-14.7
32.0
33.4
-14.8
32.9
33.0
-173
31.9
32.2
33.8
32.3
34.0
-15.1
-15.0
33.3
33.7
-15.2
34.5
33.9
33.2
-84
-15.7
34.3
34.6
33.5
35.7
-15.6
34.8
-15.5
35.0
34.7
35.2
-15.3
35.4
35.1
34.9
34.4
-172
34.2
-95
34.1
36.2
35.5
-15.8
-83
35.3
37.0
36.0
35.9
35.6
35.8
37.2
36.6
38.3
-15.4
37.1
38.0
37.5
37.3
38.4
38.5
-16.8
36.1
38.2
36.9
-63
36.7
36.5
-15.9
37.6
-16.6
36.4
36.3
-82
36.8
37.8
37.4
39.1
38.7
-16.0
-81
38.9
39.3
-16.2
40.5
-96
39.4
37.9
37.7
-16.1
-16.4
39.5
-171
39.2
38.1
-170
-17.2
41.1
40.8
-97
38.8
38.6
40.4
40.1
39.0
41.5
40.7
-18.4
43.4
40.2
41.4
-17.6
41.9
-17.3
40.3
-16.5
-16.7
-16.9
42.5
39.9
40.0
-16.3
41.3
-17.1
40.6
-17.9
-18.1
39.6
-17.0
-18.5
39.7
41.6
42.3
41.0
-65
41.2
41.7
42.4
39.8
-18.3
-17.7
42.0
-17.8
-64
41.8
-18.6
43.5
44.8
-17.4
43.0
40.9
42.8
42.2
-17.5
42.9
43.2
-98
43.1
43.8
43.9
42.7
43.3
-79
47.2
-99
44.2
-18.0
44.9
45.6
-19.7
45.3
45.1
46.7
-66
-169
46.1
44.5
-19.2
48.3
45.0
45.5
44.7
47.1
42.1
45.4
46.3
44.4
44.6
44.1
47.4
-19.5
46.4
43.7
47.8
49.1
-18.2
46.8
44.0
47.0
45.8
-19.0
-18.7
-19.8
44.3
42.6
45.7
-100
-18.9
45.2
-167
-68
46.0
-19.4
-80
45.9
-77
50.4
49.6
-78
49.7
49.2
-67
46.6
48.2
47.3
-19.3
48.7
43.6
-19.1
48.8
48.1
-71
-168
-20.1
-20.2
47.7
-69
52.1
48.5
46.9
46.2
47.9
48.9
46.5
-18.8
49.9
52.4
47.6
49.4
-73
-165
-101
51.3
48.0
-76
50.0
51.6
-75
-20.6
-160
-163
-20.0
51.4
-72
-21.0
-20.4
51.7
51.9
49.3
50.3
-20.3
49.8
-70
-22.2
48.6
-19.6
-74
-20.5
-21.4
50.5
51.0
49.5
51.1
52.5
48.4
-159
-21.2
-102
-20.9
49.0
-21.6
51.8
50.9
50.1
50.7
50.2
50.8
-22.4
-166
-21.5
52.8
54.5
54.8
-20.8
-164
50.6
52.7
-20.7
53.2
52.0
53.1
53.9
54.0
54.3
52.3
47.5
-21.7
52.2
55.0
-161
-103
53.0
54.1
56.5
51.2
53.5
-21.3
-156
-21.1
57.3
53.6
60.9
53.7
61.0
-162
53.3
-24.4
-21.8
55.8
51.5
-24.3
56.3
55.6
55.1
53.8
-19.9
57.1
56.0
52.9
53.4
52.6
-23.9
56.1
54.6
56.8
-104
-157
-158
59.1
-23.7
-22.6
56.2
-22.9
-21.9
55.5
-106
-23.3
-27.5
-25.8
54.2
57.5
57.9
58.9
-22.0
60.5
54.7
-26.0
-105
56.4
59.7
56.6
-22.7
54.9
-23.4
57.8
-25.1
55.9
-26.5
-153
-154
55.2
58.5
55.3
60.0
-26.8
-22.8
55.4
-24.6
56.9
-155
59.4
-23.6
-25.0
-25.4
-107
-22.3
-23.2
56.7
-24.9
-23.5
57.0
63.0
54.4
62.9
59.9
-24.8
-148
60.1
57.6
-24.5
-110
58.3
-24.7
58.4
-29.9
-151
-26.2
59.2
57.7
-22.1
57.4
60.3
62.6
57.2
63.3
61.6
-136
-108
-27.4
-25.5
-26.3
-26.6
60.7
55.7
-109
-23.1
59.5
58.2
60.4
59.6
-144
-25.6
-24.2
-27.0
-24.1
-111
63.7
61.9
-25.2
-23.8
58.6
-26.4
61.3
-28.2
-30.3
62.2
62.1
-26.1
58.7
-27.1
-146
-116
63.2
59.0
58.8
64.4
-24.0
-23.0
-26.9
61.1
-147
61.5
63.1
-27.2
-25.9
60.2
63.9
68.5
59.3
61.8
-150
-140
63.4
-30.0
59.8
-141
-22.5
58.1
65.5
-26.7
58.0
-137
61.4
64.7
-27.9
-27.6
65.3
-28.8
-135
-30.2
-25.7
65.2
-149
-145
68.1
-25.3
-143
-28.3
64.6
62.8
62.0
-129
-152
-28.4
64.0
-30.1
63.8
-27.3
-118
-27.8
-31.1
-133
64.8
-29.5
61.7
62.5
-115
-27.7
-29.1
-113
63.5
-127
62.7
74.0
-134
69.6
65.6
64.5
-28.0
64.1
62.4
-139
-125
62.3
60.8
-28.7
64.3
61.2
66.8
60.6
67.9
-30.4
-114
70.6
73.3
65.0
-120
65.4
72.1
-122
65.1
-142
-28.9
66.0
-124
66.5
-130
65.8
-30.7
-30.9
-117
67.8
66.1
67.6
-119
-31.9
65.7
-30.5
68.0
65.9
67.3
-126
68.4
70.3
69.0
66.9
72.4
68.9
69.2
66.7
66.6
76.1
63.6
67.1
68.3
-138
72.9
67.7
70.0
-132
-29.3
-29.6
-128
-28.1
-123
71.5
71.6
-112
-30.8
-30.6
-29.0
67.2
70.2
-28.5
71.3
66.2
66.4
68.2
-32.4
74.1
68.6
72.0
77.4
64.9
75.3
72.7
69.8
68.7
64.2
71.2
73.9
67.0
-31.8
-121
76.3
70.5
73.7
69.3
73.6
-29.4
-31.5
70.8
69.7
73.0
74.5
72.6
69.9
74.3
66.3
-131
85.0
69.1
-31.7
-31.2
74.4
76.8
73.2
67.4
71.1
-33.1
80.3
-32.3
76.0
-28.6
69.5
78.0
71.4
-32.8
77.5
83.7
79.0
-35.4
-33.9
69.4
79.1
-33.3
75.4
68.8
-29.8
70.4
-31.6
73.4
73.5
67.5
-29.7
71.9
-32.2
74.9
75.9
-35.0
76.5
74.8
-35.1
70.1
-32.6
75.2
-32.7
80.4
-29.2
75.5
73.1
72.3
75.6
78.9
-35.5
-33.5
77.6
-33.0
78.5
83.0
74.6
77.1
81.6
72.5
-32.1
74.7
73.8
81.8
72.8
-34.8
-31.0
72.2
-34.9
71.0
81.5
71.7
95.2
79.4
84.1
82.6
77.9
79.8
-31.4
82.3
83.5
79.2
70.7
81.7
84.6
78.3
-34.6
87.0
80.2
88.5
86.0
81.1
-34.7
76.9
70.9
-35.3
76.4
79.7
78.7
77.3
77.8
-33.6
80.9
-35.6
-33.7
79.6
92.9
-35.2
-32.0
78.8
78.6
74.2
-32.9
77.0
71.8
76.2
84.9
-33.8
-34.1
75.1
87.1
77.7
-38.3
75.0
84.7
75.7
80.1
81.4
-31.3
83.8
-32.5
84.5
80.7
-36.6
85.7
91.5
82.4
77.2
82.5
91.0
-36.0
-36.1
85.8
80.0
82.7
80.6
78.1
81.0
87.4
78.4
78.2
-33.2
83.3
84.2
-34.5
-36.5
89.7
-33.4
85.2
90.2
80.8
86.5
75.8
86.6
84.3
83.2
-34.3
85.9
90.1
93.6
88.9
-34.4
95.1
79.3
85.6
86.3
91.7
85.4
91.4
88.4
76.6
84.8
-35.7
92.2
89.3
88.3
82.1
81.3
84.0
-37.0
85.5
-36.3
79.9
87.3
89.9
76.7
-35.8
89.8
89.4
90.9
84.4
86.2
82.2
83.6
86.1
89.2
91.1
95.7
-35.9
89.5
-36.4
-37.9
87.5
-38.2
113.6
90.4
80.5
97.9
93.7
-34.0
86.4
96.7
86.7
-37.1
92.6
94.0
87.6
-36.9
94.4
88.8
81.9
82.0
89.1
101.1
79.5
89.6
81.2
102.9
95.8
95.0
82.9
94.5
93.5
90.0
107.0
94.6
96.8
96.9
90.7
95.6
87.9
107.8
88.2
97.6
83.9
98.0
90.8
96.6
87.8
87.2
92.7
102.6
86.8
100.1
93.9
82.8
93.8
-36.7
98.4
102.8
85.1
-40.8
94.3
88.1
-36.2
91.2
110.8
85.3
99.4
93.0
97.4
106.8
88.7
